object FromAddGuild: TFromAddGuild
  Left = 232
  Top = 231
  AutoScroll = False
  Caption = #22686#21152#25915#22478#30003#35831
  ClientHeight = 339
  ClientWidth = 265
  Color = clBtnFace
  Font.Charset = DEFAULT_CHARSET
  Font.Color = clWindowText
  Font.Height = -11
  Font.Name = 'Tahoma'
  Font.Style = []
  OldCreateOrder = False
  PixelsPerInch = 96
  TextHeight = 13
  object Label1: TLabel
    Left = 8
    Top = 288
    Width = 52
    Height = 13
    Caption = #34892#20250#21517#31216':'
  end
  object Label2: TLabel
    Left = 8
    Top = 320
    Width = 52
    Height = 13
    Caption = #25915#22478#26102#38388':'
  end
  object GroupBox1: TGroupBox
    Left = 8
    Top = 8
    Width = 249
    Height = 265
    Caption = #34892#20250#21015#34920
    TabOrder = 0
    object ListBox1: TListBox
      Left = 8
      Top = 16
      Width = 233
      Height = 241
      ItemHeight = 13
      TabOrder = 0
    end
  end
  object Edit1: TEdit
    Left = 64
    Top = 280
    Width = 121
    Height = 21
    TabOrder = 1
  end
  object CheckBox1: TCheckBox
    Left = 192
    Top = 285
    Width = 65
    Height = 17
    Caption = #25152#26377#34892#20250
    TabOrder = 2
  end
  object DateTimePicker1: TDateTimePicker
    Left = 64
    Top = 312
    Width = 121
    Height = 21
    Date = 39217.822393182870000000
    Time = 39217.822393182870000000
    TabOrder = 3
  end
  object Button1: TButton
    Left = 192
    Top = 312
    Width = 65
    Height = 25
    Caption = #30830#23450
    TabOrder = 4
  end
end
